0 0.0239583 0.411111 0.0479167 0.325926 
0 0.471875 0.37037 0.160417 0.37037 
0 0.113542 0.35 0.102083 0.233333 
0 0.0541667 0.266667 0.025 0.0814815 
0 0.160417 0.351852 0.0625 0.22963 
0 0.0260417 0.331481 0.0520833 0.181481 
0 0.430208 0.562963 0.06875 0.207407 
0 0.103125 0.342593 0.0520833 0.240741 
0 0.075 0.364815 0.0791667 0.233333 
0 0.739583 0.662963 0.208333 0.533333 
0 0.253125 0.575926 0.139583 0.707407 
0 0.608333 0.474074 0.141667 0.266667 
0 0.536458 0.768519 0.197917 0.448148 
0 0.3375 0.705556 0.208333 0.574074 
